8
11
12
14
15
22
27
29
35
37
50
60
71
72
75
76
83
90
91
107
108
114
115
116
119
124
128
141
142
153
154
155
157
160
176
182
189
190
194
198
203
204
209
210
212
219
221
228
236
240
248
251
266
269
276
277
284
287
292
294
307
309
310
313
327
334
341
351
360
362
371
374
378
379
383
393
401
415
432
433
445
449
463
464
465
469
485
497
498
500
501
514
515
34
38
49
65
77
117
144
145
147
158
178
193
241
246
249
260
274
297
315
347
372
382
386
391
402
403
419
421
429
436
446
461
462
466
495
511
512
513
517