2
7
23
24
26
41
44
45
46
54
56
68
86
88
97
98
105
123
126
156
162
164
179
205
208
225
227
234
237
239
250
259
271
272
285
289
291
300
301
314
328
336
338
342
355
359
381
390
411
414
416
420
427
430
454
473
489
502
505
507
508
516
3
5
10
13
16
17
18
28
36
40
43
53
58
61
69
70
74
82
89
93
96
101
103
104
106
110
111
112
118
130
131
132
134
139
140
146
148
150
151
152
166
172
175
183
184
186
199
200
202
207
213
216
235
244
253
254
258
267
270
273
280
282
290
298
304
305
308
316
318
320
322
323
326
330
332
335
339
340
344
346
353
354
356
358
373
375
380
385
388
394
396
397
399
404
409
428
439
442
444
448
451
452
453
456
457
468
471
472
478
486
487
492
499
504
506
519
520