AA 31 
 01 C6 
 1E 36 
 44 85 27 F0 
 56 07 10 98 
 00 0F 42 40 
 00 01 
 53 74 61 74 69 6F 6E 20 41 20 20 20 20 20 20 20 
 1E 36 
 00 04 
 00 04 
 00 03 
 00 01 
 [56 41 20 20 20 20 20 20 20 20 20 20 20 20 20 20 
  56 42 20 20 20 20 20 20 20 20 20 20 20 20 20 20 
  56 43 20 20 20 20 20 20 20 20 20 20 20 20 20 20 
  49 31 20 20 20 20 20 20 20 20 20 20 20 20 20 20 
  41 4E 41 4C 4F 47 31 20 20 20 20 20 20 20 20 20 
  41 4E 41 4C 4F 47 32 20 20 20 20 20 20 20 20 20 
  41 4E 41 4C 4F 47 33 20 20 20 20 20 20 20 20 20 
  42 52 45 41 4B 45 52 20 31 20 53 54 41 54 55 53 
  42 52 45 41 4B 45 52 20 32 20 53 54 41 54 55 53 
  42 52 45 41 4B 45 52 20 33 20 53 54 41 54 55 53 
  42 52 45 41 4B 45 52 20 34 20 53 54 41 54 55 53 
  42 52 45 41 4B 45 52 20 35 20 53 54 41 54 55 53 
  42 52 45 41 4B 45 52 20 36 20 53 54 41 54 55 53 
  42 52 45 41 4B 45 52 20 37 20 53 54 41 54 55 53 
  42 52 45 41 4B 45 52 20 38 20 53 54 41 54 55 53 
  42 52 45 41 4B 45 52 20 39 20 53 54 41 54 55 53 
  42 52 45 41 4B 45 52 20 41 20 53 54 41 54 55 53 
  42 52 45 41 4B 45 52 20 42 20 53 54 41 54 55 53 
  42 52 45 41 4B 45 52 20 43 20 53 54 41 54 55 53 
  42 52 45 41 4B 45 52 20 44 20 53 54 41 54 55 53 
  42 52 45 41 4B 45 52 20 45 20 53 54 41 54 55 53 
  42 52 45 41 4B 45 52 20 46 20 53 54 41 54 55 53 
  42 52 45 41 4B 45 52 20 47 20 53 54 41 54 55 53 ]
 [00 0D F8 47 
  00 0D F8 47 
  00 0D F8 47 
  01 00 B2 D0 ]
 [00 00 00 01 
  01 00 00 01 
  02 00 00 01 ]
 [00 00 FF FF ]
 00 00 
 00 16 
 00 1E 
 D5 D1 